.byte 147,32,32,32,32,32,32,104,124,104,124,32,32,32,32,104,124,104,124,32,32,104,124,104,124,104,124,32,32,32,32,104,124,104,124,32,32,32,32,32 ; row 0
.byte 147,32,32,32,32,96,112,34,35,34,35,32,32,96,112,34,35,34,35,32,32,34,35,98,115,34,35,32,32,96,112,34,35,34,35,32,32,32,32,32 ; row 1
.byte 147,32,32,32,32,42,47,32,32,32,32,32,32,42,47,32,32,32,32,32,32,32,32,42,47,32,32,32,32,42,47,32,32,32,32,32,32,32,32,32 ; row 2
.byte 147,32,32,32,32,106,127,106,127,106,127,32,32,106,127,32,32,32,32,32,32,32,32,106,127,32,32,32,32,106,127,106,127,106,127,32,32,32,32,32 ; row 3
.byte 147,32,32,32,32,32,32,32,32,32,32,32,32,32,32,32,32,32,32,32,32,32,32,32,32,32,32,32,32,32,32,32,32,32,32,32,32,32,32,32 ; row 4
.byte 145,154,32,32,32,32,32,120,124,127,127,127,127,127,125,116,48,32,32,32,32,32,32,32,32,96,124,126,127,127,127,127,127,124,112,32,32,32,32,32 ; row 5
.byte 145,154,32,32,32,120,127,127,127,127,127,127,127,127,127,127,127,116,32,77,79,68,69,96,126,127,127,127,127,127,127,127,127,127,127,125,48,32,32,32 ; row 6
.byte 145,154,32,32,120,127,127,127,127,47,39,35,47,111,127,127,127,127,125,48,32,32,96,126,127,127,127,127,63,47,39,47,47,127,127,127,127,116,32,32 ; row 7
.byte 145,154,32,104,127,127,127,39,32,32,32,32,32,32,34,111,127,127,127,125,48,96,127,127,127,127,39,33,32,32,32,32,32,32,43,127,127,127,52,32 ; row 8
.byte 145,154,32,127,127,127,37,32,32,32,32,32,32,32,32,32,43,127,127,127,125,126,127,127,127,37,32,32,32,32,32,32,32,32,32,42,127,127,127,32 ; row 9
.byte 145,154,104,127,127,63,32,32,32,32,32,32,32,32,32,32,32,43,127,127,127,127,127,127,33,32,32,32,32,32,32,32,32,32,32,32,111,127,127,52 ; row 10
.byte 145,154,106,127,127,53,32,32,32,32,32,32,32,32,32,32,32,32,107,127,127,127,127,37,32,32,32,32,32,32,32,32,32,32,32,32,106,127,127,53 ; row 11
.byte 145,154,106,127,127,53,32,32,32,32,32,32,32,32,32,32,32,32,32,127,127,127,127,48,32,32,32,32,32,32,32,32,32,32,32,32,106,127,127,53 ; row 12
.byte 145,154,106,127,127,53,32,32,32,32,32,32,32,32,32,32,32,32,104,127,127,127,127,125,32,32,32,32,32,32,32,32,32,32,32,32,106,127,127,53 ; row 13
.byte 145,154,34,127,127,127,32,32,32,32,32,32,32,32,32,32,32,104,127,127,127,127,127,127,125,32,32,32,32,32,32,32,32,32,32,32,127,127,127,33 ; row 14
.byte 145,154,32,111,127,127,117,32,32,32,32,32,32,32,32,32,120,127,127,127,55,107,127,127,127,125,48,32,32,32,32,32,32,32,32,122,127,127,63,32 ; row 15
.byte 145,154,32,34,127,127,127,125,48,32,32,32,32,32,112,126,127,127,127,63,32,32,111,127,127,127,127,116,32,32,32,32,32,96,126,127,127,127,33,32 ; row 16
.byte 145,154,32,32,34,127,127,127,127,127,124,124,126,127,127,127,127,127,55,32,32,32,32,43,127,127,127,127,127,125,124,124,127,127,127,127,127,33,32,32 ; row 17
.byte 145,154,32,32,32,34,47,127,127,127,127,127,127,127,127,127,63,39,32,32,32,32,32,32,35,111,127,127,127,127,127,127,127,127,127,63,33,32,32,32 ; row 18
.byte 145,154,32,32,32,32,32,34,35,47,47,47,47,47,39,35,32,32,32,32,32,32,32,32,32,32,35,47,47,47,47,47,47,39,33,32,32,32,32,32 ; row 19
.byte 129,32,32,32,32,32,32,32,32,32,32,32,32,97,116,32,83,117,110,100,111,119,110,32,50,48,49,51,32,32,32,32,32,32,32,32,32,32,32,32 ; row 20
.byte 147,32,32,32,32,32,32,32,32,32,32,32,32,32,32,32,32,32,32,32,32,32,32,32,32,32,32,32,32,32,32,32,32,32,32,32,32,32,32,32 ; row 21
.byte 32,132,157,134,141,32,32,32,32,32,32,84,104,97,110,107,115,32,102,111,114,32,119,97,116,99,104,105,110,103,33,32,32,32,32,32,32,32,32,32 ; row 22
.byte 32,132,157,134,141,32,32,32,32,32,32,84,104,97,110,107,115,32,102,111,114,32,119,97,116,99,104,105,110,103,33,32,32,32,32,32,32,32,32,32 ; row 23
